  -6.6264829e+02
  -6.2578809e+02
  -6.6061034e+02
  -6.0257338e+02
  -5.8201073e+02
  -5.2454668e+02
   1.3049020e+02
   8.9489391e+02
   1.0239768e+03
   4.1024788e+02
  -1.8111549e+02
  -4.0919636e+02
  -4.4633371e+02
  -5.4197722e+02
  -5.1565401e+02
  -5.0603333e+02
  -5.6681578e+02
  -5.0611897e+02
  -5.1435018e+02
  -5.4125574e+02
  -1.1434358e+02
   6.7264582e+02
   1.2871867e+03
   1.0495091e+03
   2.7593501e+02
  -1.0710606e+02
  -3.6212320e+02
  -4.5143391e+02
  -4.4157583e+02
  -5.1687171e+02
  -4.9370517e+02
  -4.8134168e+02
  -5.5919556e+02
  -5.0641098e+02
  -5.4605718e+02
  -1.4801691e+02
   8.0548842e+02
   1.4617790e+03
   1.1314343e+03
   3.3440865e+02
  -1.6189275e+02
  -3.4905678e+02
  -4.4483669e+02
  -5.1489073e+02
  -4.4631826e+02
  -4.9366190e+02
  -2.3286987e+02
   6.6101717e+02
   1.3110373e+03
   1.0174171e+03
   3.2052624e+02
  -1.5210649e+02
  -3.1301515e+02
  -4.3731526e+02
  -4.7584395e+02
  -4.4565075e+02
  -5.3962566e+02
  -5.6247972e+02
  -2.9722483e+02
   3.2921876e+02
   1.1504649e+03
   9.8075291e+02
   1.6673264e+02
  -1.2912228e+02
  -2.9885681e+02
  -4.0576504e+02
  -3.8060004e+02
  -4.6240240e+02
  -4.1537015e+02
   2.0650304e+02
   9.2145573e+02
   8.2997328e+02
   3.0139576e+02
  -3.1631017e+01
  -2.2687644e+02
  -3.0738408e+02
  -4.2068591e+02
  -4.0665288e+02
  -4.6556469e+02
  -5.0428503e+02
  -4.2225357e+02
  -7.9836203e+01
   6.4076223e+02
   1.1458270e+03
   5.6704609e+02
  -1.0928485e+02
  -3.9966520e+02
  -5.0564164e+02
  -4.4396165e+02
  -5.2286459e+02
  -5.0172123e+02
  -3.7799010e+02
   2.1325881e+02
   1.0831098e+03
   1.4060290e+03
   6.0608027e+02
  -9.9959796e+01
  -4.0492080e+02
  -4.5003190e+02
  -4.3822712e+02
  -5.0425447e+02
  -4.2615842e+02
  -4.6554677e+02
  -1.0674406e+02
   8.6702322e+02
   1.2030644e+03
   3.9249561e+02
  -2.5667237e+02
  -4.4444227e+02
  -4.3347717e+02
  -4.6815143e+02
  -4.3832971e+02
   1.4326290e+02
   8.9156193e+02
   9.1193469e+02
   1.8356738e+02
  -3.1459917e+02
  -3.8557350e+02
  -4.2481039e+02
  -4.6741707e+02
  -4.1361193e+02
  -4.6293777e+02
  -4.6346769e+02
  -4.0320325e+02
  -4.0792826e+02
   1.3801377e+00
   5.3907968e+02
   3.1110952e+02
  -9.9423528e+01
  -3.1656271e+02
  -4.0714084e+02
  -3.4652737e+02
  -3.9951912e+02
  -4.1603831e+02
  -3.6719492e+02
  -4.5919345e+02
  -4.1118363e+02
  -3.5586680e+02
  -3.2938522e+02
   1.8000500e+02
   7.8078299e+02
   8.7084802e+02
   4.3023471e+02
   9.0419439e+00
  -1.3051838e+02
  -1.7916898e+02
  -3.0739813e+02
  -3.1834304e+02
  -3.2812124e+02
  -3.8677369e+02
  -9.8958848e+01
   4.7511014e+02
   1.1192843e+03
   1.2037944e+03
   4.7364468e+02
   7.4061360e+01
  -1.1831383e+02
  -3.3141106e+02
  -3.0136933e+02
  -3.2256495e+02
  -3.7992475e+02
  -3.3278925e+02
  -3.6253635e+02
  -3.6829536e+02
  -2.0774692e+02
   1.9790550e+02
   6.8094534e+02
   5.9200251e+02
   1.0605745e+02
  -1.1825755e+02
  -2.8816350e+02
  -3.5730481e+02
  -2.7981977e+02
   2.9604052e+02
   1.2172329e+03
   1.6664801e+03
   1.0047415e+03
   2.9480734e+02
  -1.2312124e+02
  -3.3251533e+02
  -3.3935254e+02
  -4.0359509e+02
  -4.4007569e+02
  -3.2489759e+01
   7.2727771e+02
   1.4968393e+03
   1.4416269e+03
   5.7640576e+02
   3.3103783e+01
  -2.7205349e+02
  -4.3396304e+02
  -4.1939157e+02
  -3.7700138e+02
   1.0527727e+02
   8.7391684e+02
   1.3412185e+03
   8.9713679e+02
   1.6808918e+02
  -2.5808328e+02
  -3.7349447e+02
  -3.8834338e+02
  -4.8884953e+02
  -3.7979389e+02
   5.6948071e+01
   7.5574015e+02
   1.0428025e+03
   4.9246145e+02
   7.5890628e+01
  -1.1513786e+02
  -3.2993349e+02
  -3.7769060e+02
  -3.9389956e+02
  -4.8223641e+02
  -4.2089584e+02
  -9.1597489e+01
   6.3544096e+02
   1.1453065e+03
   6.1249781e+02
   6.4180101e+01
  -1.2910402e+02
  -3.7701199e+02
  -4.0432231e+02
  -1.7038475e+02
   3.4582234e+02
   5.3578523e+02
   2.2442742e+02
  -8.4068846e+01
  -1.9101635e+02
  -2.6807318e+02
  -3.7390329e+02
  -3.4123752e+02
  -3.7590753e+02
  -3.6138562e+02
   1.1943283e+02
   7.7490629e+02
   6.1120914e+02
   1.0728954e+02
  -2.2352366e+02
  -3.6229754e+02
  -3.5404563e+02
  -4.1946679e+02
  -3.9576095e+02
  -2.9330811e+02
   1.8252365e+02
   9.0802764e+02
   7.8309650e+02
   2.3045114e+02
  -2.2273914e+01
  -2.6851574e+02
  -3.3766087e+02
  -3.5236468e+02
  -4.3193391e+02
  -3.0342218e+02
   1.4049388e+02
   7.9929606e+02
   7.7469073e+02
   1.4044830e+02
  -2.0861182e+02
  -3.2010874e+02
  -4.2553095e+02
  -4.1390599e+02
  -4.0680271e+02
  -4.6427622e+02
  -3.9548540e+02
  -4.3736993e+02
  -3.1742865e+02
   2.4530326e+02
   8.4580822e+02
   6.2230488e+02
   6.4732340e+00
  -2.9654680e+02
  -3.3951113e+02
  -3.7130010e+02
  -4.2281760e+02
  -3.7888129e+02
  -3.4447218e+02
  -2.8785493e+01
   4.7391497e+02
   7.2294579e+02
   3.4231212e+02
  -8.0046042e+01
  -3.3651442e+02
  -3.3978816e+02
  -3.7066285e+02
  -4.1056522e+02
  -3.2851137e+02
  -4.0710606e+02
  -3.3401285e+02
   1.9739758e+02
   9.4346515e+02
   1.1498970e+03
   4.3997665e+02
  -1.2209708e+02
  -2.2618317e+02
  -3.2798539e+02
  -3.5568522e+02
  -3.2850341e+02
  -3.9190146e+02
  -3.6887447e+02
  -8.0084339e+01
   5.1973071e+02
   1.1927292e+03
   9.9248361e+02
   3.1975978e+02
   3.9062313e+01
  -2.1148071e+02
  -2.8723105e+02
  -2.9404342e+02
  -3.2213745e+02
   1.4982463e+02
   9.8001191e+02
   1.3784450e+03
   8.8624076e+02
   2.2084672e+02
  -2.6258653e+02
  -5.2692467e+02
  -6.7656302e+02
  -7.5806528e+02
  -5.4880704e+02
   1.2666931e+02
   9.9273783e+02
   1.2763305e+03
   8.3015894e+02
   1.5822393e+02
  -2.6287702e+02
  -3.0498453e+02
  -3.7689256e+02
  -3.3471950e+02
   9.5725779e+01
   5.5810505e+02
   4.8062939e+02
   1.1911538e+02
  -2.1164379e+02
  -3.0947170e+02
  -3.1431286e+02
  -3.7855477e+02
  -3.3276218e+02
  -3.5845678e+02
  -2.9520334e+02
   1.5694944e+02
   7.6866807e+02
   8.7451713e+02
   2.9013987e+02
  -1.7887919e+02
  -2.7938022e+02
  -3.0656572e+02
  -3.9333726e+02
  -3.3733184e+02
  -3.6975040e+02
  -4.3654987e+02
