  8.6400000e+002  7.5445372e+001  1.8850000e+003
  8.5881500e+002  7.5467581e+001  1.8840000e+003
  8.5083600e+002  7.5387428e+001  1.9010000e+003
  8.4800000e+002  7.5226538e+001  1.8860000e+003
  8.4623800e+002  7.5023003e+001  1.9200000e+003
  8.3920900e+002  7.4810168e+001  1.9660000e+003
  8.3400000e+002  7.4603228e+001  2.0140000e+003
  8.3400000e+002  7.4399055e+001  2.0810000e+003
  8.2288200e+002  7.4185512e+001  2.1400000e+003
  8.1102600e+002  7.3955847e+001  2.1840000e+003
  8.0999900e+002  7.3721163e+001  2.2210000e+003
  8.0107300e+002  7.3512517e+001  2.2540000e+003
  7.8814900e+002  7.3371916e+001  2.2810000e+003
  7.8400000e+002  7.3338298e+001  2.2570000e+003
  7.9029200e+002  7.3433957e+001  2.1500000e+003
  8.0230300e+002  7.3656721e+001  2.0680000e+003
  8.0800100e+002  7.3982665e+001  1.9800000e+003
  8.0950500e+002  7.4377854e+001  1.9520000e+003
  8.1449200e+002  7.4811980e+001  1.9280000e+003
  8.1799900e+002  7.5266560e+001  1.8920000e+003
  8.1799900e+002  7.5733112e+001  1.9050000e+003
  8.1800000e+002  7.6203673e+001  1.9070000e+003
  8.1800100e+002  7.6662640e+001  1.9030000e+003
  8.1800100e+002  7.7085878e+001  1.9370000e+003
  8.1339800e+002  7.7446296e+001  2.0150000e+003
  8.0742100e+002  7.7723397e+001  2.0890000e+003
  8.0600000e+002  7.7912350e+001  2.1330000e+003
  8.0054100e+002  7.8026393e+001  2.1830000e+003
  7.9055200e+002  7.8091814e+001  2.2320000e+003
  7.8600100e+002  7.8139988e+001  2.2510000e+003
  7.8908600e+002  7.8199240e+001  2.2840000e+003
  7.9706800e+002  7.8288440e+001  2.2910000e+003
  8.0200000e+002  7.8414963e+001  2.1940000e+003
  8.0484100e+002  7.8576147e+001  2.0720000e+003
  8.2064000e+002  7.8761024e+001  1.9940000e+003
  8.3400000e+002  7.8951630e+001  1.9220000e+003
  8.3400000e+002  7.9124622e+001  1.8880000e+003
  8.4236400e+002  7.9254486e+001  1.8720000e+003
  8.5244600e+002  7.9319668e+001  1.8640000e+003
  8.5400000e+002  7.9308473e+001  1.8580000e+003
  8.5137900e+002  7.9219733e+001  1.8830000e+003
  8.4537300e+002  7.9059378e+001  1.9230000e+003
  8.4199900e+002  7.8836388e+001  1.9710000e+003
  8.4193500e+002  7.8558165e+001  2.0470000e+003
  8.4093400e+002  7.8228081e+001  2.0950000e+003
  8.4000000e+002  7.7850104e+001  2.1170000e+003
  8.4000000e+002  7.7436885e+001  2.1600000e+003
  8.3858800e+002  7.7012596e+001  2.1860000e+003
  8.3659000e+002  7.6608474e+001  2.2050000e+003
  8.3600000e+002  7.6253642e+001  2.1970000e+003
  8.3848600e+002  7.5963828e+001  2.1150000e+003
  8.4547000e+002  7.5734336e+001  2.0360000e+003
  8.5000000e+002  7.5543510e+001  1.9640000e+003
  8.5000000e+002  7.5364366e+001  1.9530000e+003
  8.4028100e+002  7.5177645e+001  1.9510000e+003
  8.3039100e+002  7.4980829e+001  1.9290000e+003
  8.3000000e+002  7.4787505e+001  1.9230000e+003
  8.2149900e+002  7.4616335e+001  1.9390000e+003
  8.0855800e+002  7.4479135e+001  1.9630000e+003
  8.0399900e+002  7.4376858e+001  1.9740000e+003
  7.9967400e+002  7.4302383e+001  2.0380000e+003
  7.8965700e+002  7.4246761e+001  2.0950000e+003
  7.8400000e+002  7.4207422e+001  2.1230000e+003
  7.8283800e+002  7.4193867e+001  2.1740000e+003
  7.7883000e+002  7.4226958e+001  2.2090000e+003
  7.7600100e+002  7.4333611e+001  2.2100000e+003
  7.7762000e+002  7.4539636e+001  2.2350000e+003
  7.8655600e+002  7.4861859e+001  2.2220000e+003
  7.9399900e+002  7.5301788e+001  2.1040000e+003
  7.9413700e+002  7.5842455e+001  2.0320000e+003
  8.1174500e+002  7.6448324e+001  1.9810000e+003
  8.3000200e+002  7.7069134e+001  1.9330000e+003
  8.3000200e+002  7.7648208e+001  1.9260000e+003
  8.3341400e+002  7.8133848e+001  1.9320000e+003
  8.3842500e+002  7.8491605e+001  1.9480000e+003
  8.4000000e+002  7.8712281e+001  1.9290000e+003
  8.3665300e+002  7.8809798e+001  1.9450000e+003
  8.2661300e+002  7.8810754e+001  1.9830000e+003
  8.2000000e+002  7.8742970e+001  2.0290000e+003
  8.1965800e+002  7.8626922e+001  2.1000000e+003
  8.1260400e+002  7.8472749e+001  2.1480000e+003
  8.0600000e+002  7.8286203e+001  2.1670000e+003
  8.0600000e+002  7.8079290e+001  2.1920000e+003
  8.0268500e+002  7.7875262e+001  2.2140000e+003
  7.9869800e+002  7.7703471e+001  2.2090000e+003
  7.9800000e+002  7.7587254e+001  2.1880000e+003
  8.1430900e+002  7.7530971e+001  2.1060000e+003
  8.4152000e+002  7.7514923e+001  2.0410000e+003
  8.5199700e+002  7.7504165e+001  1.9720000e+003
  8.5040600e+002  7.7467224e+001  1.9510000e+003
  8.4337700e+002  7.7394169e+001  1.9350000e+003
  8.3800100e+002  7.7303457e+001  1.9030000e+003
  8.3800100e+002  7.7231734e+001  1.9140000e+003
  8.1730400e+002  7.7212685e+001  1.9310000e+003
  7.9479200e+002  7.7260345e+001  1.9410000e+003
  7.9200000e+002  7.7365330e+001  1.9680000e+003
  7.8117400e+002  7.7501102e+001  2.0440000e+003
  7.6629700e+002  7.7636634e+001  2.1080000e+003
  7.6200100e+002  7.7752089e+001  2.1560000e+003
  7.5120000e+002  7.7849971e+001  2.2180000e+003
  7.3531100e+002  7.7956109e+001  2.2600000e+003
  7.3000000e+002  7.8111608e+001  2.2230000e+003
  7.1632600e+002  7.8359276e+001  2.1740000e+003
  6.9854700e+002  7.8728801e+001  2.1490000e+003
  6.9400000e+002  7.9225921e+001  2.1090000e+003
  6.8226800e+002  7.9828214e+001  2.0430000e+003
  6.7046200e+002  8.0487103e+001  1.9830000e+003
  6.8038600e+002  8.1135076e+001  1.9480000e+003
  7.2026700e+002  8.1696752e+001  1.9240000e+003
  7.5200300e+002  8.2102814e+001  1.9020000e+003
  7.5818900e+002  8.2305145e+001  1.9120000e+003
  7.8183600e+002  8.2288011e+001  1.9250000e+003
  7.9999900e+002  8.2068770e+001  1.9310000e+003
  8.0137300e+002  8.1686683e+001  1.9820000e+003
  8.2095400e+002  8.1186931e+001  2.0570000e+003
  8.4000000e+002  8.0610122e+001  2.1140000e+003
  8.4000000e+002  7.9990501e+001  2.1770000e+003
  8.3857100e+002  7.9358714e+001  2.2290000e+003
  8.3657200e+002  7.8744520e+001  2.2620000e+003
  8.3599900e+002  7.8175460e+001  2.2840000e+003
  8.4274100e+002  7.7669853e+001  2.2930000e+003
  8.6162400e+002  7.7230294e+001  2.2420000e+003
  8.7400000e+002  7.6845147e+001  2.0920000e+003
  8.7400000e+002  7.6496421e+001  2.0110000e+003
  8.8005000e+002  7.6167909e+001  1.9630000e+003
  8.8709100e+002  7.5850056e+001  1.9260000e+003
  8.8800100e+002  7.5539259e+001  1.9020000e+003
  8.8373500e+002  7.5233412e+001  1.9060000e+003
  8.7066700e+002  7.4931429e+001  1.9150000e+003
  8.6200000e+002  7.4637918e+001  1.9030000e+003
  8.6200000e+002  7.4363761e+001  1.9300000e+003
  8.4683800e+002  7.4119500e+001  1.9720000e+003
  8.3009400e+002  7.3909498e+001  2.0310000e+003
  8.2799900e+002  7.3730708e+001  2.0830000e+003
  8.2799900e+002  7.3573262e+001  2.1500000e+003
  8.2799900e+002  7.3424283e+001  2.2020000e+003
  8.2799900e+002  7.3276753e+001  2.2250000e+003
  8.2922700e+002  7.3137565e+001  2.2610000e+003
  8.3421200e+002  7.3028219e+001  2.2640000e+003
  8.3800100e+002  7.2977819e+001  2.2130000e+003
  8.3800100e+002  7.3010346e+001  2.0900000e+003
  8.5460900e+002  7.3130653e+001  2.0050000e+003
  8.7393900e+002  7.3317096e+001  1.9450000e+003
  8.7599900e+002  7.3525379e+001  1.9130000e+003
  8.7639100e+002  7.3701960e+001  1.9170000e+003
  8.7739200e+002  7.3803110e+001  1.9130000e+003
  8.7800200e+002  7.3811527e+001  1.8850000e+003
  8.7800200e+002  7.3739991e+001  1.9090000e+003
  8.5715000e+002  7.3621217e+001  1.9420000e+003
  8.3462400e+002  7.3492962e+001  1.9780000e+003
  8.3200100e+002  7.3383839e+001  2.0380000e+003
  8.2977600e+002  7.3302101e+001  2.0960000e+003
  8.2577700e+002  7.3235079e+001  2.1610000e+003
  8.2399800e+002  7.3163719e+001  2.1780000e+003
  8.2244200e+002  7.3082473e+001  2.2310000e+003
  8.1642200e+002  7.3010162e+001  2.2790000e+003
  8.1200000e+002  7.2985220e+001  2.2740000e+003
  8.1219600e+002  7.3046742e+001  2.2150000e+003
  8.3740300e+002  7.3210538e+001  2.0830000e+003
  8.6400200e+002  7.3455238e+001  1.9850000e+003
  8.6400200e+002  7.3727701e+001  1.9300000e+003
  8.6996300e+002  7.3964053e+001  1.9080000e+003
  8.8097400e+002  7.4114797e+001  1.9050000e+003
  8.8599800e+002  7.4160364e+001  1.8740000e+003
  8.8593200e+002  7.4109155e+001  1.9040000e+003
  8.7786100e+002  7.3984061e+001  1.9280000e+003
  8.6999900e+002  7.3809809e+001  1.9340000e+003
  8.6999900e+002  7.3605088e+001  1.9920000e+003
  8.6571700e+002  7.3378375e+001  2.0640000e+003
  8.5772200e+002  7.3130748e+001  2.1270000e+003
  8.5400000e+002  7.2865681e+001  2.1500000e+003
  8.5354800e+002  7.2596717e+001  2.2010000e+003
  8.4953400e+002  7.2346694e+001  2.2290000e+003
  8.4600100e+002  7.2141169e+001  2.2350000e+003
  8.4600100e+002  7.1999352e+001  2.2310000e+003
  8.5737600e+002  7.1925162e+001  2.1780000e+003
  8.7350900e+002  7.1904606e+001  2.0650000e+003
  8.7800200e+002  7.1912859e+001  1.9780000e+003
  8.7778500e+002  7.1926186e+001  1.9540000e+003
  8.7678300e+002  7.1931837e+001  1.9430000e+003
  8.7599900e+002  7.1930978e+001  1.9080000e+003
  8.7599900e+002  7.1931698e+001  1.9140000e+003
  8.7023600e+002  7.1937019e+001  1.9280000e+003
  8.6226800e+002  7.1939400e+001  1.9490000e+003
  8.6000100e+002  7.1925209e+001  1.9510000e+003
  8.5694100e+002  7.1881856e+001  2.0050000e+003
  8.4587500e+002  7.1803124e+001  2.0620000e+003
  8.3799700e+002  7.1693489e+001  2.1000000e+003
  8.3799700e+002  7.1569044e+001  2.1640000e+003
  8.2867900e+002  7.1453005e+001  2.2120000e+003
  8.1878200e+002  7.1370258e+001  2.2390000e+003
  8.1800100e+002  7.1344499e+001  2.2580000e+003
  8.2311700e+002  7.1396098e+001  2.2620000e+003
  8.3113900e+002  7.1539964e+001  2.1810000e+003
  8.3400000e+002  7.1784785e+001  2.0570000e+003
  8.3883500e+002  7.2132327e+001  2.0070000e+003
  8.5471700e+002  7.2575367e+001  1.9600000e+003
  8.6599700e+002  7.3095560e+001  1.9130000e+003
  8.6599700e+002  7.3662637e+001  1.9130000e+003
  8.6684700e+002  7.4236848e+001  1.9120000e+003
  8.6785100e+002  7.4776597e+001  1.9130000e+003
  8.6800400e+002  7.5247589e+001  1.9190000e+003
  8.6494900e+002  7.5627566e+001  1.9620000e+003
  8.5692800e+002  7.5907659e+001  2.0290000e+003
  8.5199700e+002  7.6093673e+001  2.0720000e+003
  8.5199700e+002  7.6204647e+001  2.1390000e+003
  8.4220000e+002  7.6266852e+001  2.1930000e+003
  8.3231300e+002  7.6307556e+001  2.2370000e+003
  8.3200100e+002  7.6350471e+001  2.2850000e+003
  8.4137100e+002  7.6410821e+001  2.3200000e+003
  8.5644100e+002  7.6491911e+001  2.2670000e+003
  8.6200000e+002  7.6586524e+001  2.0760000e+003
  8.6461100e+002  7.6681315e+001  1.9870000e+003
  8.7847100e+002  7.6761230e+001  1.9370000e+003
  8.8999900e+002  7.6813542e+001  1.8890000e+003
  8.8999900e+002  7.6831047e+001  1.8890000e+003
  8.7763200e+002  7.6815485e+001  1.8970000e+003
  8.5875000e+002  7.6782602e+001  1.9170000e+003
  8.5200500e+002  7.6762657e+001  1.9090000e+003
  8.4948200e+002  7.6788523e+001  1.9450000e+003
  8.3839800e+002  7.6877550e+001  1.9960000e+003
  8.2999400e+002  7.7022017e+001  2.0510000e+003
  8.2999400e+002  7.7192818e+001  2.1140000e+003
  8.2544700e+002  7.7351380e+001  2.1600000e+003
  8.2047400e+002  7.7465325e+001  2.1900000e+003
  8.2000000e+002  7.7522290e+001  2.2280000e+003
  8.2248000e+002  7.7534539e+001  2.2460000e+003
  8.2648600e+002  7.7532975e+001  2.2260000e+003
  8.2800300e+002  7.7554554e+001  2.1720000e+003
  8.3428600e+002  7.7626891e+001  2.0800000e+003
  8.5508300e+002  7.7755659e+001  2.0190000e+003
  8.7000300e+002  7.7921377e+001  1.9600000e+003
  8.7000300e+002  7.8086642e+001  1.9430000e+003
  8.7495200e+002  7.8210125e+001  1.9240000e+003
  8.8097600e+002  7.8261777e+001  1.9080000e+003
  8.8199600e+002  7.8230577e+001  1.8950000e+003
  8.8107900e+002  7.8120234e+001  1.9170000e+003
  8.7807700e+002  7.7940164e+001  1.9410000e+003
  8.7599900e+002  7.7700492e+001  1.9480000e+003
  8.7599900e+002  7.7410553e+001  2.0100000e+003
  8.6789000e+002  7.7079735e+001  2.0730000e+003
  8.5796100e+002  7.6722916e+001  2.1170000e+003
  8.5600300e+002  7.6365901e+001  2.1430000e+003
  8.5333500e+002  7.6042083e+001  2.1860000e+003
  8.4632100e+002  7.5781665e+001  2.2160000e+003
  8.4200300e+002  7.5601438e+001  2.1990000e+003
  8.4213300e+002  7.5498318e+001  2.1830000e+003
  8.5880100e+002  7.5448405e+001  2.1270000e+003
  8.7599900e+002  7.5415532e+001  2.0230000e+003
  8.7599900e+002  7.5367259e+001  1.9620000e+003
  8.7191200e+002  7.5289386e+001  1.9340000e+003
  8.6391400e+002  7.5191586e+001  1.9300000e+003
  8.6000100e+002  7.5100054e+001  1.9020000e+003
  8.5967700e+002  7.5038342e+001  1.9310000e+003
  8.5465000e+002  7.5008998e+001  1.9510000e+003
  8.4999800e+002  7.4991063e+001  1.9580000e+003
  8.4999800e+002  7.4953393e+001  1.9910000e+003
  8.4118600e+002  7.4872171e+001  2.0700000e+003
  8.2825400e+002  7.4744114e+001  2.1420000e+003
  8.2399800e+002  7.4590439e+001  2.1720000e+003
  8.2214000e+002  7.4447838e+001  2.2240000e+003
  8.1713500e+002  7.4351151e+001  2.2590000e+003
  8.1400300e+002  7.4319066e+001  2.2600000e+003
  8.1674900e+002  7.4348810e+001  2.2730000e+003
  8.4211500e+002  7.4419198e+001  2.2570000e+003
  8.6599700e+002  7.4500336e+001  2.1710000e+003
  8.6599700e+002  7.4565550e+001  2.0560000e+003
  8.7917300e+002  7.4599271e+001  1.9840000e+003
  9.0031200e+002  7.4598284e+001  1.9410000e+003
  9.0799700e+002  7.4567187e+001  1.8950000e+003
  9.0788300e+002  7.4511422e+001  1.9020000e+003
  9.0083500e+002  7.4434994e+001  1.9070000e+003
  8.9400500e+002  7.4345468e+001  1.8970000e+003
  8.9400500e+002  7.4257614e+001  1.9180000e+003
  8.8201900e+002  7.4189016e+001  1.9610000e+003
  8.5593800e+002  7.4153703e+001  2.0300000e+003
  8.4199500e+002  7.4159644e+001  2.0730000e+003
  8.4118300e+002  7.4206602e+001  2.1390000e+003
  8.3006100e+002  7.4283723e+001  2.1880000e+003
  8.2000000e+002  7.4373416e+001  2.2180000e+003
  8.2000000e+002  7.4461875e+001  2.2480000e+003
  8.1761400e+002  7.4548131e+001  2.2720000e+003
  8.1462200e+002  7.4646528e+001  2.2570000e+003
  8.1400300e+002  7.4782428e+001  2.1580000e+003
  8.1770800e+002  7.4982221e+001  2.0490000e+003
  8.2471200e+002  7.5262091e+001  1.9820000e+003
  8.2800300e+002  7.5621696e+001  1.9230000e+003
  8.2822500e+002  7.6044726e+001  1.9150000e+003
  8.2922000e+002  7.6505240e+001  1.9110000e+003
  8.2999400e+002  7.6977007e+001  1.8830000e+003
  8.2999400e+002  7.7439613e+001  1.8990000e+003
  8.2268900e+002  7.7877479e+001  1.9170000e+003
  8.1475600e+002  7.8275910e+001  1.9380000e+003
  8.1400300e+002  7.8619279e+001  1.9980000e+003
  8.0874700e+002  7.8892456e+001  2.0680000e+003
  8.0076800e+002  7.9086405e+001  2.1340000e+003
  7.9799700e+002  7.9206292e+001  2.1590000e+003
  7.9382200e+002  7.9275032e+001  2.2260000e+003
  7.8481900e+002  7.9327914e+001  2.2800000e+003
  7.8000600e+002  7.9400854e+001  2.2680000e+003
  7.8520300e+002  7.9516539e+001  2.2650000e+003
  8.0108900e+002  7.9673615e+001  2.1800000e+003
  8.1199600e+002  7.9845485e+001  2.0570000e+003
  8.1310700e+002  7.9990512e+001  1.9870000e+003
  8.2593800e+002  8.0069146e+001  1.9390000e+003
  8.3799700e+002  8.0061515e+001  1.8910000e+003
  8.3799700e+002  7.9978499e+001  1.8790000e+003
  8.0499700e+002  7.9861965e+001  1.8930000e+003
  7.6411400e+002  7.9774949e+001  1.9210000e+003
  7.5400500e+002  7.9782875e+001  1.9160000e+003
  7.3520300e+002  7.9928415e+001  1.9640000e+003
  7.1059300e+002  8.0211852e+001  2.0590000e+003
  7.0399500e+002  8.0590349e+001  2.1080000e+003
  7.1202100e+002  8.0995663e+001  2.1510000e+003
  7.2111500e+002  8.1358634e+001  2.1820000e+003
  7.2248500e+002  8.1629181e+001  2.2180000e+003
  7.5408700e+002  8.1784352e+001  2.2450000e+003
  7.8800200e+002  8.1822218e+001  2.2350000e+003
  7.8800200e+002  8.1746614e+001  2.2100000e+003
  8.4365000e+002  8.1552884e+001  2.1170000e+003
  9.1874400e+002  8.1224711e+001  2.0250000e+003
  9.3000000e+002  8.0745304e+001  1.9570000e+003
  9.3113400e+002  8.0116549e+001  1.9280000e+003
  9.3908500e+002  7.9373612e+001  1.9020000e+003
  9.4599900e+002  7.8581559e+001  1.8630000e+003
  9.4599900e+002  7.7810493e+001  1.8710000e+003
  9.3776500e+002  7.7106606e+001  1.8900000e+003
  9.1562800e+002  7.6482714e+001  1.9160000e+003
  9.0200000e+002  7.5928755e+001  1.9290000e+003
  9.0200000e+002  7.5424085e+001  2.0030000e+003
  8.8493700e+002  7.4945443e+001  2.0740000e+003
  8.6322300e+002  7.4478253e+001  2.1390000e+003
  8.5800200e+002  7.4028833e+001  2.1770000e+003
  8.5203100e+002  7.3625680e+001  2.2430000e+003
  8.3389600e+002  7.3308796e+001  2.2800000e+003
  8.2199900e+002  7.3115340e+001  2.2690000e+003
  8.2243200e+002  7.3065363e+001  2.2280000e+003
  8.3621200e+002  7.3150192e+001  2.0940000e+003
  8.4999800e+002  7.3330795e+001  1.9980000e+003
  8.4999800e+002  7.3549528e+001  1.9550000e+003
  8.5188700e+002  7.3749436e+001  1.9370000e+003
  8.5489200e+002  7.3891906e+001  1.9180000e+003
  8.5600300e+002  7.3963870e+001  1.8750000e+003
  8.5495100e+002  7.3970631e+001  1.8890000e+003
  8.4993300e+002  7.3922122e+001  1.9080000e+003
  8.4600100e+002  7.3824785e+001  1.9230000e+003
  8.4600100e+002  7.3682184e+001  2.0070000e+003
  8.2817600e+002  7.3500879e+001  2.0930000e+003
  8.0752900e+002  7.3298972e+001  2.1510000e+003
  8.0400100e+002  7.3111431e+001  2.1870000e+003
  7.9527700e+002  7.2984587e+001  2.2430000e+003
  7.8133400e+002  7.2961895e+001  2.2710000e+003
  7.7600100e+002  7.3071095e+001  2.2570000e+003
  7.8239100e+002  7.3318711e+001  2.2350000e+003
  7.9538700e+002  7.3692067e+001  2.1610000e+003
  8.0199400e+002  7.4166827e+001  2.0390000e+003
  8.0794600e+002  7.4715216e+001  1.9770000e+003
  8.2872300e+002  7.5310045e+001  1.9340000e+003
  8.4400200e+002  7.5923992e+001  1.8820000e+003
  8.4400200e+002  7.6526812e+001  1.8840000e+003
  8.4948000e+002  7.7084799e+001  1.8830000e+003
  8.5551600e+002  7.7565815e+001  1.8830000e+003
  8.5600300e+002  7.7946735e+001  1.8930000e+003
  8.5248600e+002  7.8217220e+001  1.9320000e+003
  8.4548200e+002  7.8379645e+001  2.0110000e+003
  8.4199500e+002  7.8447102e+001  2.0660000e+003
  8.4134800e+002  7.8438328e+001  2.1460000e+003
  8.3632900e+002  7.8371776e+001  2.2080000e+003
  8.3200100e+002  7.8264551e+001  2.2310000e+003
  8.3200100e+002  7.8135021e+001  2.2550000e+003
  8.4143800e+002  7.8002770e+001  2.2470000e+003
  8.5354100e+002  7.7884753e+001  2.2260000e+003
  8.5600300e+002  7.7790032e+001  2.1560000e+003
  8.6289700e+002  7.7714599e+001  2.0570000e+003
  8.8178600e+002  7.7639860e+001  1.9930000e+003
  8.9399700e+002  7.7537792e+001  1.9320000e+003
  8.9399700e+002  7.7380514e+001  1.9170000e+003
  8.9158900e+002  7.7151216e+001  1.9050000e+003
  8.8859600e+002  7.6853803e+001  1.9010000e+003
  8.8800100e+002  7.6513921e+001  1.8840000e+003
  8.8390300e+002  7.6167130e+001  1.9110000e+003
  8.6775900e+002  7.5843268e+001  1.9530000e+003
  8.5600300e+002  7.5557858e+001  2.0050000e+003
  8.5600300e+002  7.5310209e+001  2.0790000e+003
  8.5101700e+002  7.5086150e+001  2.1390000e+003
  8.4504400e+002  7.4868802e+001  2.1840000e+003
  8.4400200e+002  7.4654542e+001  2.2090000e+003
  8.3990100e+002  7.4462436e+001  2.2420000e+003
  8.3088900e+002  7.4330386e+001  2.2520000e+003
  8.2599600e+002  7.4300169e+001  2.2240000e+003
  8.2901600e+002  7.4396531e+001  2.1450000e+003
  8.5060700e+002  7.4609609e+001  2.0520000e+003
  8.7000300e+002  7.4892490e+001  1.9730000e+003
  8.7000300e+002  7.5176934e+001  1.9410000e+003
  8.7132600e+002  7.5398955e+001  1.9180000e+003
  8.7332600e+002  7.5521908e+001  1.9060000e+003
  8.7400000e+002  7.5545045e+001  1.8790000e+003
  8.7193200e+002  7.5492773e+001  1.9080000e+003
  8.5982100e+002  7.5394744e+001  1.9300000e+003
  8.4999800e+002  7.5271718e+001  1.9340000e+003
  8.4999800e+002  7.5131278e+001  1.9940000e+003
  8.4220700e+002  7.4970950e+001  2.0780000e+003
  8.3227300e+002  7.4788517e+001  2.1660000e+003
  8.3000200e+002  7.4595167e+001  2.2420000e+003
  8.2682300e+002  7.4420945e+001  2.3380000e+003
  8.1981300e+002  7.4308016e+001  2.4280000e+003
  8.1599400e+002  7.4296011e+001  2.4440000e+003
  8.2259900e+002  7.4404469e+001  2.4310000e+003
  8.6044400e+002  7.4618588e+001  2.3120000e+003
  8.9400500e+002  7.4887325e+001  2.1360000e+003
  8.9400500e+002  7.5137737e+001  2.0290000e+003
  9.1418300e+002  7.5299962e+001  1.9570000e+003
  9.4942800e+002  7.5331854e+001  1.9090000e+003
  9.6399700e+002  7.5230964e+001  1.8500000e+003
  9.6399700e+002  7.5028388e+001  1.8440000e+003
  9.6324400e+002  7.4772695e+001  1.8520000e+003
  9.6224500e+002  7.4514588e+001  1.8710000e+003
  9.6199800e+002  7.4292456e+001  1.8830000e+003
  9.6199800e+002  7.4119838e+001  1.9380000e+003
  9.3002600e+002  7.3986771e+001  2.0050000e+003
  8.9704700e+002  7.3878583e+001  2.0610000e+003
  8.9400500e+002  7.3793595e+001  2.1160000e+003
  8.8754200e+002  7.3743278e+001  2.2110000e+003
  8.6840100e+002  7.3742132e+001  2.2800000e+003
  8.5599500e+002  7.3800870e+001  2.3000000e+003
  8.5599500e+002  7.3922276e+001  2.2990000e+003
  8.7276800e+002  7.4095445e+001  2.2060000e+003
  8.9210400e+002  7.4293094e+001  2.0680000e+003
  8.9400500e+002  7.4477145e+001  1.9640000e+003
  8.9400400e+002  7.4610683e+001  1.9070000e+003
  8.9400000e+002  7.4671392e+001  1.8540000e+003
  8.9399700e+002  7.4659229e+001  1.7930000e+003
  8.9399700e+002  7.4591682e+001  1.7950000e+003
  8.7692900e+002  7.4490959e+001  1.8170000e+003
  8.5521700e+002  7.4375104e+001  1.8450000e+003
  8.4999800e+002  7.4255949e+001  1.8780000e+003
  8.3918200e+002  7.4139167e+001  1.9850000e+003
  8.0990400e+002  7.4028384e+001  2.0760000e+003
  7.9200000e+002  7.3937061e+001  2.1280000e+003
  7.8753200e+002  7.3901053e+001  2.2180000e+003
  7.6410800e+002  7.3982034e+001  2.2980000e+003
  7.4600200e+002  7.4260890e+001  2.2990000e+003
  7.4045400e+002  7.4823758e+001  2.2570000e+003
  7.1390600e+002  7.5741581e+001  2.1940000e+003
  6.9400000e+002  7.7046537e+001  2.1550000e+003
  6.9054600e+002  7.8711270e+001  2.0350000e+003
  6.8253300e+002  8.0636377e+001  1.9440000e+003
  6.7800100e+002  8.2652101e+001  1.8740000e+003
  7.3478800e+002  8.4539781e+001  1.8550000e+003
  8.3273600e+002  8.6074096e+001  1.8430000e+003
  8.6599700e+002  8.7079215e+001  1.8300000e+003
  8.7076600e+002  8.7480835e+001  1.8580000e+003
  8.9053700e+002  8.7328867e+001  1.8980000e+003
  9.0600600e+002  8.6773643e+001  1.9660000e+003
  9.0600600e+002  8.6004042e+001  2.0780000e+003
  9.0031000e+002  8.5182618e+001  2.1520000e+003
  8.9133100e+002  8.4412714e+001  2.2100000e+003
  8.8800100e+002  8.3741417e+001  2.2280000e+003
  8.8856700e+002  8.3177101e+001  2.2800000e+003
  8.9650100e+002  8.2705742e+001  2.2780000e+003
  9.0399200e+002  8.2302623e+001  2.2360000e+003
  9.0399200e+002  8.1936821e+001  2.2060000e+003
  9.1986400e+002  8.1569457e+001  2.1140000e+003
  9.5669600e+002  8.1155062e+001  2.0350000e+003
  9.7799700e+002  8.0651403e+001  1.9510000e+003
  9.7799700e+002  8.0033255e+001  1.9280000e+003
  9.7580900e+002  7.9305232e+001  1.9140000e+003
  9.7181200e+002  7.8507922e+001  1.8960000e+003
  9.7000100e+002  7.7706231e+001  1.8520000e+003
  9.7000100e+002  7.6960188e+001  1.8780000e+003
  9.5844300e+002  7.6300905e+001  1.9070000e+003
  9.4154700e+002  7.5729859e+001  1.9580000e+003
  9.3600500e+002  7.5230948e+001  2.0060000e+003
  9.3600500e+002  7.4778070e+001  2.0890000e+003
  9.2291300e+002  7.4341606e+001  2.1430000e+003
  9.0909200e+002  7.3902225e+001  2.1680000e+003
  9.0800500e+002  7.3463113e+001  2.2030000e+003
  9.0536700e+002  7.3049109e+001  2.2670000e+003
  8.9632700e+002  7.2697276e+001  2.2830000e+003
  8.8999900e+002  7.2447022e+001  2.2480000e+003
  8.8999900e+002  7.2328485e+001  2.1490000e+003
  8.9788500e+002  7.2349949e+001  2.0640000e+003
  9.0894700e+002  7.2492624e+001  2.0020000e+003
  9.1200300e+002  7.2715772e+001  1.9340000e+003
  9.1239800e+002  7.2967517e+001  1.9090000e+003
  9.1737300e+002  7.3198776e+001  1.8920000e+003
  9.2199700e+002  7.3376855e+001  1.8650000e+003
  9.2199700e+002  7.3490110e+001  1.8800000e+003
  9.1678200e+002  7.3542071e+001  1.9100000e+003
  9.0374400e+002  7.3544572e+001  1.9660000e+003
  8.9599600e+002  7.3513724e+001  2.0150000e+003
  8.9599600e+002  7.3463483e+001  2.0930000e+003
  8.8446900e+002  7.3399444e+001  2.1450000e+003
  8.7060700e+002  7.3322178e+001  2.1810000e+003
  8.6799600e+002  7.3237265e+001  2.2030000e+003
  8.7129400e+002  7.3159691e+001  2.2400000e+003
  8.8125800e+002  7.3109588e+001  2.2380000e+003
  8.8800100e+002  7.3104546e+001  2.2120000e+003
  8.8800100e+002  7.3150844e+001  2.1090000e+003
  9.1059300e+002  7.3236248e+001  2.0290000e+003
  9.4113200e+002  7.3330543e+001  1.9690000e+003
  9.4799800e+002  7.3395151e+001  1.9130000e+003
  9.4799800e+002  7.3397442e+001  1.9070000e+003
  9.3492800e+002  7.3325697e+001  1.9050000e+003
  9.2211300e+002  7.3196988e+001  1.8870000e+003
  9.2201200e+002  7.3047327e+001  1.8990000e+003
  9.1859600e+002  7.2908208e+001  1.9270000e+003
  9.0753600e+002  7.2790588e+001  1.9790000e+003
  8.9999400e+002  7.2687539e+001  2.0110000e+003
  8.9999400e+002  7.2585517e+001  2.0580000e+003
  8.9066600e+002  7.2473866e+001  2.1000000e+003
  8.7774500e+002  7.2353054e+001  2.1600000e+003
  8.7399300e+002  7.2239891e+001  2.1790000e+003
  8.7420200e+002  7.2163571e+001  2.2190000e+003
  8.7520800e+002  7.2155126e+001  2.2310000e+003
  8.7600700e+002  7.2238651e+001  2.2070000e+003
  8.7600700e+002  7.2425212e+001  2.1030000e+003
  8.8968100e+002  7.2706928e+001  2.0360000e+003
  9.0985300e+002  7.3054120e+001  1.9940000e+003
  9.1600000e+002  7.3418777e+001  1.9410000e+003
  9.1623700e+002  7.3743818e+001  1.9300000e+003
  9.2219800e+002  7.3977913e+001  1.9330000e+003
  9.2799400e+002  7.4092065e+001  1.9280000e+003
  9.2799400e+002  7.4087113e+001  1.9400000e+003
  9.2083500e+002  7.3987501e+001  1.9680000e+003
  8.9967900e+002  7.3829980e+001  2.0160000e+003
  8.8600200e+002  7.3653771e+001  2.0640000e+003
  8.8600200e+002  7.3489305e+001  2.1360000e+003
  8.7562300e+002  7.3348529e+001  2.1880000e+003
  8.6273400e+002  7.3227500e+001  2.2330000e+003
  8.6000100e+002  7.3120829e+001  2.2480000e+003
  8.6204300e+002  7.3033959e+001  2.2580000e+003
  8.6803400e+002  7.2984688e+001  2.2380000e+003
  8.7200900e+002  7.2996389e+001  2.1740000e+003
  8.7200900e+002  7.3087103e+001  2.0690000e+003
  8.8787000e+002  7.3259261e+001  2.0110000e+003
  9.0714400e+002  7.3496345e+001  1.9550000e+003
  9.0998800e+002  7.3767687e+001  1.9180000e+003
  9.0867900e+002  7.4037536e+001  1.9090000e+003
  9.0266800e+002  7.4276142e+001  1.9120000e+003
  8.9801000e+002  7.4468870e+001  1.8940000e+003
  8.9801000e+002  7.4615534e+001  1.9200000e+003
  8.8972800e+002  7.4720595e+001  1.9580000e+003
  8.7676900e+002  7.4785694e+001  2.0370000e+003
  8.7199400e+002  7.4809519e+001  2.0880000e+003
  8.7116800e+002  7.4789256e+001  2.1560000e+003
  8.6514100e+002  7.4722311e+001  2.2080000e+003
  8.6000100e+002  7.4612515e+001  2.2170000e+003
  8.6000100e+002  7.4477435e+001  2.2420000e+003
  8.6069500e+002  7.4348623e+001  2.2450000e+003
  8.6169500e+002  7.4263532e+001  2.2270000e+003
  8.6200000e+002  7.4252330e+001  2.1760000e+003
  8.6923300e+002  7.4322818e+001  2.0730000e+003
  8.9966800e+002  7.4450918e+001  1.9980000e+003
  9.2399600e+002  7.4585062e+001  1.9310000e+003
  9.2399600e+002  7.4663633e+001  1.9150000e+003
  9.2564800e+002  7.4637473e+001  1.9100000e+003
  9.2865500e+002  7.4488462e+001  1.9110000e+003
  9.3000800e+002  7.4233760e+001  1.8920000e+003
  9.3000800e+002  7.3911453e+001  1.9210000e+003
  9.1728200e+002  7.3559956e+001  1.9660000e+003
  9.0244000e+002  7.3207577e+001  2.0260000e+003
  8.9999400e+002  7.2872341e+001  2.0860000e+003
  8.9389400e+002  7.2563587e+001  2.1550000e+003
  8.6852900e+002  7.2286153e+001  2.2160000e+003
  8.5000600e+002  7.2049725e+001  2.2370000e+003
  8.5000600e+002  7.1874780e+001  2.2700000e+003
  8.4665500e+002  7.1787171e+001  2.2830000e+003
  8.4266200e+002  7.1806882e+001  2.2500000e+003
  8.4199500e+002  7.1939978e+001  2.1350000e+003
  8.4744500e+002  7.2176006e+001  2.0460000e+003
  8.5943200e+002  7.2491021e+001  1.9860000e+003
  8.6599700e+002  7.2855938e+001  1.9200000e+003
  8.6599700e+002  7.3246018e+001  1.9000000e+003
  8.5894400e+002  7.3647292e+001  1.9000000e+003
  8.5200500e+002  7.4058154e+001  1.8810000e+003
  8.5200500e+002  7.4483242e+001  1.8890000e+003
  8.5377100e+002  7.4920460e+001  1.9150000e+003
  8.5677200e+002  7.5351370e+001  1.9570000e+003
  8.5800200e+002  7.5743826e+001  1.9850000e+003
  8.5619900e+002  7.6064214e+001  2.0480000e+003
  8.4510100e+002  7.6292360e+001  2.1000000e+003
  8.3599900e+002  7.6433524e+001  2.1320000e+003
  8.3599900e+002  7.6520149e+001  2.1660000e+003
  8.3599900e+002  7.6599831e+001  2.2110000e+003
  8.3599900e+002  7.6716405e+001  2.2310000e+003
  8.3599900e+002  7.6893230e+001  2.2180000e+003
  8.4771500e+002  7.7122741e+001  2.1200000e+003
  8.7365500e+002  7.7366154e+001  2.0410000e+003
  8.8800100e+002  7.7566487e+001  1.9680000e+003
  8.8800100e+002  7.7670603e+001  1.9510000e+003
  8.8337500e+002  7.7650895e+001  1.9440000e+003
  8.7840100e+002  7.7516591e+001  1.9270000e+003
  8.7800600e+002  7.7306029e+001  1.9190000e+003
  8.7677300e+002  7.7062374e+001  1.9350000e+003
  8.7376500e+002  7.6810523e+001  1.9580000e+003
  8.7199400e+002  7.6550322e+001  1.9840000e+003
  8.7199400e+002  7.6264289e+001  2.0520000e+003
  8.6456400e+002  7.5931912e+001  2.1090000e+003
  8.5663100e+002  7.5545774e+001  2.1450000e+003
  8.5600300e+002  7.5122084e+001  2.1820000e+003
  8.5450400e+002  7.4698256e+001  2.2400000e+003
  8.5149800e+002  7.4320607e+001  2.2710000e+003
  8.4999100e+002  7.4030561e+001  2.2520000e+003
  8.5111400e+002  7.3852715e+001  2.2080000e+003
  8.6298700e+002  7.3787069e+001  2.0910000e+003
  8.7400800e+002  7.3809920e+001  1.9950000e+003
  8.7400800e+002  7.3883128e+001  1.9560000e+003
  8.7340300e+002  7.3966510e+001  1.9340000e+003
  8.7239600e+002  7.4028999e+001  1.9260000e+003
  8.7199400e+002  7.4053628e+001  1.8910000e+003
  8.7188300e+002  7.4032787e+001  1.9090000e+003
  8.7089000e+002  7.3959871e+001  1.9260000e+003
  8.7001000e+002  7.3827618e+001  1.9260000e+003
  8.7001000e+002  7.3633460e+001  1.9720000e+003
  8.5695700e+002  7.3385629e+001  2.0380000e+003
  8.3708400e+002  7.3107446e+001  2.0940000e+003
  8.3000200e+002  7.2837105e+001  2.1210000e+003
  8.2681600e+002  7.2618207e+001  2.1810000e+003
  8.1676900e+002  7.2484503e+001  2.2340000e+003
  8.0999800e+002  7.2449744e+001  2.2620000e+003
  8.1097300e+002  7.2507436e+001  2.2980000e+003
  8.2476900e+002  7.2637643e+001  2.2890000e+003
  8.3799700e+002  7.2817905e+001  2.1640000e+003
  8.3799700e+002  7.3034384e+001  2.0580000e+003
  8.4578800e+002  7.3287257e+001  2.0010000e+003
  8.5685100e+002  7.3587351e+001  1.9640000e+003
  8.6000100e+002  7.3945316e+001  1.9130000e+003
  8.6274700e+002  7.4358020e+001  1.9090000e+003
  8.7269700e+002  7.4801117e+001  1.9090000e+003
  8.8000500e+002  7.5234012e+001  1.8900000e+003
  8.8000500e+002  7.5612862e+001  1.9120000e+003
  8.7150600e+002  7.5903893e+001  1.9530000e+003
  8.6057000e+002  7.6093794e+001  2.0180000e+003
  8.5798600e+002  7.6193460e+001  2.0750000e+003
  8.5222200e+002  7.6231700e+001  2.1450000e+003
  8.3511700e+002  7.6244594e+001  2.1930000e+003
  8.2400500e+002  7.6269005e+001  2.2310000e+003
  8.2419500e+002  7.6339066e+001  2.2660000e+003
  8.3015100e+002  7.6480898e+001  2.2560000e+003
  8.3599900e+002  7.6707458e+001  2.2020000e+003
  8.3599900e+002  7.7016740e+001  2.1060000e+003
  8.4998900e+002  7.7392555e+001  2.0370000e+003
  8.7117800e+002  7.7807480e+001  1.9810000e+003
  8.7800600e+002  7.8228058e+001  1.9180000e+003
  8.7765100e+002  7.8620795e+001  1.9060000e+003
  8.7564200e+002  7.8958754e+001  1.8990000e+003
  8.7399300e+002  7.9227516e+001  1.8750000e+003
  8.7399300e+002  7.9425155e+001  1.8910000e+003
  8.6568600e+002  7.9555387e+001  1.9220000e+003
  8.5375400e+002  7.9621649e+001  1.9980000e+003
  8.5000600e+002  7.9625953e+001  2.0530000e+003
  8.4743800e+002  7.9568859e+001  2.1290000e+003
  8.3839400e+002  7.9451082e+001  2.1780000e+003
  8.3200100e+002  7.9280052e+001  2.2120000e+003
  8.3200100e+002  7.9076436e+001  2.2610000e+003
  8.3200100e+002  7.8872760e+001  2.2800000e+003
  8.3200100e+002  7.8704308e+001  2.2560000e+003
  8.3200100e+002  7.8596885e+001  2.2130000e+003
  8.4466300e+002  7.8556122e+001  2.0990000e+003
  8.6577800e+002  7.8565071e+001  2.0150000e+003
  8.7399300e+002  7.8593577e+001  1.9320000e+003
  8.7462700e+002  7.8613925e+001  1.9010000e+003
  8.7961100e+002  7.8614117e+001  1.8880000e+003
  8.8400300e+002  7.8601641e+001  1.8610000e+003
  8.8400300e+002  7.8593449e+001  1.8700000e+003
  8.8221900e+002  7.8598095e+001  1.8950000e+003
  8.7922300e+002  7.8605222e+001  1.9260000e+003
  8.7800600e+002  7.8589292e+001  1.9400000e+003
  8.7659300e+002  7.8521241e+001  2.0160000e+003
  8.5930600e+002  7.8382316e+001  2.0780000e+003
  8.4399400e+002  7.8176943e+001  2.1190000e+003
  8.4399400e+002  7.7936153e+001  2.1570000e+003
  8.3612100e+002  7.7706289e+001  2.2120000e+003
  8.2518800e+002  7.7530669e+001  2.2420000e+003
  8.2200600e+002  7.7434205e+001  2.2350000e+003
  8.3040100e+002  7.7414065e+001  2.2230000e+003
  8.5130000e+002  7.7439337e+001  2.1050000e+003
  8.6399800e+002  7.7462771e+001  2.0000000e+003
  8.6399800e+002  7.7439899e+001  1.9570000e+003
  8.7065900e+002  7.7345781e+001  1.9300000e+003
  8.7770700e+002  7.7181795e+001  1.9090000e+003
  8.7799100e+002  7.6968576e+001  1.9070000e+003
  8.7619000e+002  7.6729751e+001  1.9180000e+003
  8.7219800e+002  7.6479726e+001  1.9380000e+003
  8.7001000e+002  7.6222464e+001  1.9300000e+003
  8.7001000e+002  7.5955665e+001  1.9670000e+003
  8.5821800e+002  7.5676041e+001  2.0280000e+003
  8.4636700e+002  7.5386705e+001  2.0810000e+003
  8.4599300e+002  7.5102515e+001  2.1370000e+003
  8.3639200e+002  7.4847436e+001  2.1870000e+003
  8.2044900e+002  7.4647157e+001  2.2290000e+003
  8.1399500e+002  7.4522765e+001  2.2350000e+003
  8.1752500e+002  7.4485074e+001  2.2560000e+003
  8.2847500e+002  7.4530166e+001  2.2430000e+003
  8.3599900e+002  7.4640792e+001  2.1270000e+003
  8.3599900e+002  7.4793831e+001  2.0500000e+003
  8.4283300e+002  7.4968723e+001  2.0020000e+003
  8.4989300e+002  7.5152697e+001  1.9550000e+003
  8.5000600e+002  7.5340469e+001  1.9370000e+003
  8.4586700e+002  7.5529441e+001  1.9310000e+003
  8.3887400e+002  7.5716067e+001  1.9320000e+003
  8.3599900e+002  7.5895491e+001  1.9060000e+003
  8.3647600e+002  7.6060089e+001  1.9380000e+003
  8.3847300e+002  7.6196652e+001  1.9820000e+003
  8.3999600e+002  7.6287743e+001  2.0250000e+003
  8.3999600e+002  7.6318227e+001  2.0930000e+003
  8.3288400e+002  7.6283420e+001  2.1570000e+003
  8.2494700e+002  7.6196675e+001  2.1940000e+003
  8.2400500e+002  7.6092207e+001  2.2330000e+003
  8.2632400e+002  7.6017498e+001  2.2660000e+003
  8.3032500e+002  7.6016947e+001  2.2720000e+003
  8.3200100e+002  7.6114382e+001  2.2260000e+003
  8.4035000e+002  7.6300266e+001  2.1050000e+003
  8.7463300e+002  7.6528849e+001  2.0310000e+003
  9.0200800e+002  7.6730147e+001  1.9590000e+003
  9.0200800e+002  7.6834492e+001  1.9330000e+003
  8.9608900e+002  7.6800054e+001  1.9090000e+003
  8.8710700e+002  7.6630973e+001  1.9060000e+003
  8.8398700e+002  7.6373598e+001  1.8820000e+003
  8.8319200e+002  7.6088961e+001  1.9030000e+003
  8.7616100e+002  7.5819743e+001  1.9290000e+003
  8.7001000e+002  7.5574031e+001  1.9480000e+003
  8.7001000e+002  7.5330060e+001  2.0160000e+003
  8.6488300e+002  7.5053403e+001  2.0840000e+003
  8.5689200e+002  7.4719800e+001  2.1530000e+003
  8.5398900e+002  7.4335344e+001  2.1800000e+003
  8.4900900e+002  7.3942223e+001  2.2410000e+003
  8.2669900e+002  7.3606707e+001  2.2810000e+003
  8.1001300e+002  7.3396567e+001  2.2770000e+003
  8.1001300e+002  7.3355487e+001  2.2570000e+003
  8.3366000e+002  7.3482469e+001  2.1360000e+003
  8.5936500e+002  7.3727889e+001  2.0420000e+003
  8.6000100e+002  7.4011446e+001  1.9850000e+003
  8.6422900e+002  7.4253211e+001  1.9530000e+003
  8.7222900e+002  7.4401829e+001  1.9240000e+003
  8.7599200e+002  7.4445665e+001  1.8770000e+003
  8.7611900e+002  7.4402133e+001  1.8950000e+003
  8.8010700e+002  7.4296171e+001  1.9150000e+003
  8.8400300e+002  7.4145079e+001  1.9210000e+003
  8.8400300e+002  7.3955859e+001  1.9750000e+003
  8.7478900e+002  7.3731182e+001  2.0450000e+003
  8.5678700e+002  7.3480224e+001  2.1030000e+003
  8.4799200e+002  7.3227969e+001  2.1400000e+003
  8.4757300e+002  7.3013174e+001  2.1940000e+003
  8.4356800e+002  7.2874779e+001  2.2460000e+003
  8.4001200e+002  7.2837675e+001  2.2550000e+003
  8.4001200e+002  7.2904864e+001  2.2550000e+003
  8.5445200e+002  7.3055783e+001  2.1990000e+003
  8.7466200e+002  7.3251494e+001  2.0820000e+003
  8.7999000e+002  7.3447024e+001  1.9860000e+003
  8.7908800e+002  7.3606080e+001  1.9530000e+003
  8.7508800e+002  7.3712092e+001  1.9250000e+003
  8.7200900e+002  7.3770351e+001  1.8820000e+003
  8.7200900e+002  7.3797698e+001  1.8880000e+003
  8.6529000e+002  7.3805888e+001  1.9050000e+003
  8.5632400e+002  7.3792828e+001  1.9230000e+003
  8.5398900e+002  7.3747007e+001  1.9260000e+003
  8.4836200e+002  7.3657488e+001  1.9860000e+003
  8.3125200e+002  7.3523003e+001  2.0520000e+003
  8.2000700e+002  7.3358133e+001  2.0990000e+003
  8.1916600e+002  7.3192282e+001  2.1510000e+003
  7.9870300e+002  7.3060260e+001  2.1910000e+003
  7.7999900e+002  7.2992339e+001  2.2280000e+003
  7.7999900e+002  7.3011106e+001  2.2600000e+003
  7.6972000e+002  7.3135136e+001  2.2630000e+003
  7.5885100e+002  7.3387011e+001  2.1890000e+003
  7.5799600e+002  7.3801610e+001  2.0710000e+003
  7.4990100e+002  7.4427218e+001  2.0080000e+003
  7.4099000e+002  7.5314738e+001  1.9560000e+003
  7.4000500e+002  7.6498075e+001  1.9250000e+003
  7.4552300e+002  7.7974763e+001  1.9170000e+003
  7.5156100e+002  7.9698424e+001  1.9010000e+003
  7.5199900e+002  8.1589640e+001  1.9050000e+003
  7.2814000e+002  8.3559578e+001  1.9380000e+003
  7.0386700e+002  8.5532127e+001  1.9410000e+003
  7.0199700e+002  8.7451290e+001  1.9830000e+003
  7.0200400e+002  8.9269540e+001  2.0660000e+003
  7.0201100e+002  9.0926282e+001  2.1170000e+003
  7.2766600e+002  9.2333532e+001  2.1580000e+003
  8.2708700e+002  9.3382198e+001  2.1890000e+003
  9.1400200e+002  9.3971797e+001  2.2210000e+003
  9.1400200e+002  9.4053460e+001  2.2320000e+003
  9.3556300e+002  9.3663931e+001  2.2100000e+003
  9.7090800e+002  9.2926400e+001  2.1180000e+003
  9.8399400e+002  9.2010172e+001  1.9930000e+003
  9.8399400e+002  9.1070175e+001  1.9440000e+003
  9.8113200e+002  9.0204070e+001  1.9200000e+003
  9.7714100e+002  8.9445153e+001  1.9120000e+003
  9.7599800e+002  8.8776062e+001  1.8900000e+003
  9.7599800e+002  8.8146452e+001  1.9080000e+003
  9.5858600e+002  8.7497548e+001  1.9270000e+003
  9.3787900e+002  8.6792195e+001  1.9380000e+003
  9.3400600e+002  8.6029543e+001  1.9570000e+003
  9.3186500e+002  8.5234167e+001  2.0250000e+003
  9.0312200e+002  8.4438717e+001  2.0910000e+003
  8.7799100e+002  8.3677896e+001  2.1290000e+003
  8.7799100e+002  8.2986654e+001  2.1800000e+003
  8.6760900e+002  8.2392860e+001  2.2430000e+003
  8.4967000e+002  8.1910680e+001  2.2880000e+003
  8.4201000e+002  8.1540446e+001  2.2670000e+003
  8.4691000e+002  8.1269755e+001  2.2520000e+003
  8.7337400e+002  8.1073994e+001  2.2140000e+003
  8.9599600e+002  8.0921929e+001  2.0790000e+003
  8.9599600e+002  8.0786248e+001  1.9830000e+003
  9.0316000e+002  8.0652391e+001  1.9330000e+003
  9.1519300e+002  8.0520576e+001  1.9180000e+003
  9.1999800e+002  8.0398333e+001  1.8920000e+003
  9.1999800e+002  8.0287047e+001  1.9240000e+003
  9.1999800e+002  8.0175346e+001  1.9470000e+003
  9.1999800e+002  8.0046113e+001  1.9520000e+003
  9.1999800e+002  7.9886215e+001  1.9650000e+003
  9.1823900e+002  7.9688894e+001  2.0230000e+003
  9.1121600e+002  7.9454252e+001  2.1070000e+003
  9.0600600e+002  7.9191964e+001  2.1520000e+003
  9.0600600e+002  7.8919209e+001  2.2170000e+003
  9.0537600e+002  7.8653177e+001  2.2750000e+003
  9.0437000e+002  7.8407629e+001  2.3160000e+003
  9.0399200e+002  7.8193754e+001  2.2940000e+003
  9.0425400e+002  7.8016688e+001  2.2770000e+003
  9.3797200e+002  7.7869540e+001  2.1780000e+003
  9.7399900e+002  7.7734487e+001  2.0350000e+003
  9.7399900e+002  7.7591498e+001  1.9580000e+003
  9.7444400e+002  7.7429004e+001  1.9150000e+003
  9.7843700e+002  7.7252652e+001  1.8910000e+003
  9.8201000e+002  7.7084600e+001  1.8500000e+003
  9.8201000e+002  7.6947642e+001  1.8580000e+003
  9.7798900e+002  7.6847680e+001  1.8820000e+003
  9.5669900e+002  7.6774930e+001  1.9100000e+003
  9.4000200e+002  7.6718955e+001  1.9360000e+003
  9.4000200e+002  7.6674625e+001  2.0190000e+003
  9.3031500e+002  7.6636343e+001  2.0970000e+003
  9.0824100e+002  7.6598639e+001  2.1490000e+003
  8.9599600e+002  7.6566176e+001  2.1540000e+003
  8.9599600e+002  7.6557152e+001  2.1970000e+003
  8.9515500e+002  7.6594833e+001  2.2240000e+003
  8.9415700e+002  7.6697643e+001  2.2180000e+003
  8.9399700e+002  7.6872070e+001  2.1820000e+003
  9.0077100e+002  7.7105306e+001  2.0780000e+003
  9.2738500e+002  7.7362173e+001  2.0150000e+003
  9.4799800e+002  7.7593670e+001  1.9420000e+003
  9.4799800e+002  7.7755356e+001  1.9200000e+003
  9.3924900e+002  7.7828807e+001  1.9110000e+003
  9.2123600e+002  7.7837375e+001  1.9030000e+003
  9.1200300e+002  7.7841619e+001  1.8820000e+003
  9.1200300e+002  7.7908176e+001  1.9150000e+003
  9.1446400e+002  7.8072140e+001  1.9450000e+003
  9.1746900e+002  7.8321198e+001  1.9630000e+003
  9.1799900e+002  7.8606398e+001  2.0170000e+003
  9.1692000e+002  7.8865571e+001  2.0850000e+003
  9.0988700e+002  7.9049393e+001  2.1450000e+003
  9.0400700e+002  7.9142847e+001  2.1680000e+003
  9.0400700e+002  7.9170721e+001  2.2030000e+003
  9.0075700e+002  7.9184661e+001  2.2370000e+003
  8.9475600e+002  7.9243286e+001  2.2640000e+003
  8.9199800e+002  7.9393146e+001  2.2190000e+003
  8.9199800e+002  7.9649635e+001  2.1050000e+003
  9.2366200e+002  7.9983918e+001  2.0360000e+003
  9.5882300e+002  8.0328001e+001  1.9570000e+003
  9.5999100e+002  8.0599144e+001  1.9220000e+003
  9.5881900e+002  8.0733156e+001  1.9170000e+003
  9.4976100e+002  8.0713301e+001  1.9170000e+003
  9.4200100e+002  8.0578243e+001  1.9070000e+003
  9.4200100e+002  8.0398279e+001  1.9300000e+003
  9.3833600e+002  8.0235206e+001  1.9610000e+003
  9.2830500e+002  8.0117306e+001  2.0070000e+003
  9.2199700e+002  8.0040361e+001  2.0510000e+003
  9.2199700e+002  7.9979992e+001  2.1060000e+003
  9.1793200e+002  7.9904881e+001  2.1550000e+003
  9.1194900e+002  7.9792405e+001  2.1980000e+003
  9.1000400e+002  7.9641134e+001  2.1970000e+003
  9.1031700e+002  7.9469676e+001  2.2320000e+003
  9.2021800e+002  7.9305249e+001  2.2290000e+003
  9.3000800e+002  7.9173477e+001  2.1780000e+003
  9.3000800e+002  7.9091335e+001  2.0660000e+003
  9.3485700e+002  7.9060920e+001  2.0030000e+003
  9.5074300e+002  7.9067835e+001  1.9580000e+003
  9.6199000e+002  7.9085526e+001  1.9070000e+003
  9.6199000e+002  7.9080845e+001  1.9010000e+003
  9.6059600e+002  7.9021874e+001  1.9120000e+003
  9.5760500e+002  7.8891340e+001  1.9270000e+003
  9.5600900e+002  7.8695832e+001  1.9170000e+003
  9.5600900e+002  7.8458610e+001  1.9490000e+003
  9.4078400e+002  7.8203994e+001  1.9840000e+003
  9.1794200e+002  7.7949836e+001  2.0270000e+003
  9.0998800e+002  7.7706995e+001  2.0730000e+003
  9.0998700e+002  7.7476160e+001  2.1440000e+003
  8.8954900e+002  7.7247098e+001  2.2030000e+003
  8.7001000e+002  7.7009412e+001  2.2360000e+003
  8.7001000e+002  7.6766389e+001  2.2830000e+003
  8.7052500e+002  7.6537452e+001  2.3000000e+003
  8.7151700e+002  7.6349305e+001  2.2960000e+003
  8.7199400e+002  7.6223898e+001  2.1930000e+003
  8.7275200e+002  7.6166572e+001  2.0910000e+003
  8.9710000e+002  7.6158064e+001  2.0160000e+003
  9.2199700e+002  7.6156688e+001  1.9490000e+003
  9.2199700e+002  7.6110978e+001  1.9140000e+003
  9.1813800e+002  7.5977486e+001  1.9020000e+003
  9.0710400e+002  7.5738040e+001  1.9040000e+003
  9.0000900e+002  7.5407096e+001  1.8860000e+003
  9.0000900e+002  7.5020804e+001  1.9140000e+003
  8.8152600e+002  7.4615638e+001  1.9580000e+003
  8.5784800e+002  7.4214705e+001  2.0270000e+003
  8.5199000e+002  7.3826604e+001  2.0810000e+003
  8.4608400e+002  7.3448725e+001  2.1490000e+003
  8.2898500e+002  7.3072756e+001  2.1920000e+003
  8.1800800e+002  7.2694887e+001  2.2220000e+003
  8.1755200e+002  7.2325090e+001  2.2660000e+003
  8.1049600e+002  7.1987553e+001  2.2620000e+003
  8.0400100e+002  7.1712922e+001  2.2200000e+003
  8.0400100e+002  7.1527110e+001  2.1040000e+003
  8.0569100e+002  7.1440577e+001  2.0180000e+003
  8.0769300e+002  7.1443381e+001  1.9470000e+003
  8.0799900e+002  7.1509395e+001  1.8910000e+003
  7.9980800e+002  7.1607101e+001  1.8850000e+003
  7.8685900e+002  7.1711652e+001  1.8940000e+003
  7.8199800e+002  7.1812106e+001  1.8760000e+003
  7.7853600e+002  7.1908295e+001  1.9090000e+003
  7.7153900e+002  7.1999531e+001  1.9360000e+003
  7.6800500e+002  7.2074816e+001  1.9480000e+003
  7.6924200e+002  7.2111205e+001  2.0160000e+003
  7.7223100e+002  7.2080404e+001  2.0750000e+003
  7.7398700e+002  7.1960455e+001  2.1020000e+003
  7.7430800e+002  7.1746512e+001  2.1530000e+003
  7.7531500e+002  7.1454953e+001  2.1760000e+003
  7.7600100e+002  7.1119778e+001  2.1540000e+003
  7.7749000e+002  7.0783488e+001  2.1640000e+003
  7.8445800e+002  7.0486153e+001  2.1710000e+003
  7.9000900e+002  7.0257510e+001  2.0780000e+003
  7.8995200e+002  7.0113850e+001  2.0220000e+003
  7.8894400e+002  7.0057603e+001  1.9890000e+003
  7.8799400e+002  7.0077800e+001  1.9460000e+003
  7.8799400e+002  7.0150549e+001  1.9450000e+003
  7.8618200e+002  7.0240135e+001  1.9560000e+003
  7.8418700e+002  7.0303999e+001  1.9520000e+003
  7.8399700e+002  7.0302281e+001  1.9560000e+003
  7.7856300e+002  7.0207395e+001  1.9760000e+003
  7.7160100e+002  7.0009912e+001  2.0030000e+003
  7.7000400e+002  6.9719848e+001  2.0420000e+003
  7.6300300e+002  6.9363049e+001  2.1010000e+003
  7.5305200e+002  6.8974956e+001  2.1580000e+003
  7.5000000e+002  6.8595218e+001  2.1840000e+003
  7.4442100e+002  6.8262927e+001  2.2300000e+003
  7.3645800e+002  6.8010901e+001  2.2700000e+003
  7.3400900e+002  6.7859874e+001  2.2560000e+003
  7.4428700e+002  6.7814129e+001  2.2200000e+003
  7.5840800e+002  6.7860474e+001  2.1100000e+003
  7.6199300e+002  6.7972432e+001  2.0120000e+003
  7.6959700e+002  6.8118196e+001  1.9760000e+003
  7.8066100e+002  6.8268252e+001  1.9450000e+003
  7.8399700e+002  6.8399349e+001  1.9080000e+003
  7.8737000e+002  6.8494340e+001  1.9180000e+003
  7.9338100e+002  6.8541126e+001  1.9340000e+003
  7.9600500e+002  6.8533904e+001  1.9230000e+003
  7.9168400e+002  6.8475335e+001  1.9580000e+003
  7.8064800e+002  6.8377052e+001  2.0290000e+003
  7.7400200e+002  6.8258109e+001  2.0770000e+003
  7.7075400e+002  6.8141226e+001  2.1440000e+003
  7.5968700e+002  6.8048438e+001  2.1890000e+003
  7.5199900e+002  6.8000149e+001  2.2100000e+003
  7.5058300e+002  6.8017430e+001  2.2460000e+003
  7.4557200e+002  6.8122558e+001  2.2680000e+003
  7.4200400e+002  6.8334963e+001  2.2420000e+003
  7.4653000e+002  6.8663944e+001  2.2090000e+003
  7.6141400e+002  6.9101855e+001  2.0930000e+003
  7.7200300e+002  6.9622714e+001  1.9900000e+003
  7.7244900e+002  7.0188251e+001  1.9480000e+003
  7.7444500e+002  7.0758094e+001  1.9190000e+003
  7.7600100e+002  7.1298566e+001  1.8850000e+003
  7.7659300e+002  7.1785669e+001  1.8900000e+003
  7.8155800e+002  7.2202642e+001  1.9070000e+003
  7.8598000e+002  7.2537545e+001  1.9030000e+003
  7.8598000e+002  7.2784296e+001  1.9270000e+003
  7.8207300e+002  7.2945261e+001  1.9860000e+003
  7.7810900e+002  7.3032867e+001  2.0370000e+003
  7.7801500e+002  7.3068709e+001  2.0980000e+003
  7.7540600e+002  7.3079845e+001  2.1540000e+003
  7.7240900e+002  7.3095335e+001  2.1910000e+003
  7.7200300e+002  7.3145407e+001  2.2230000e+003
  7.6965900e+002  7.3260053e+001  2.2640000e+003
  7.6666000e+002  7.3463127e+001  2.2640000e+003
  7.6599100e+002  7.3762206e+001  2.2020000e+003
  7.8697500e+002  7.4138364e+001  2.0900000e+003
  8.1846300e+002  7.4543655e+001  2.0230000e+003
  8.2800300e+002  7.4913014e+001  1.9520000e+003
  8.2639100e+002  7.5188123e+001  1.9310000e+003
  8.2239000e+002  7.5341493e+001  1.9230000e+003
  8.2000700e+002  7.5386606e+001  1.8880000e+003
  8.2059900e+002  7.5366436e+001  1.9080000e+003
  8.2556600e+002  7.5328064e+001  1.9270000e+003
  8.2998700e+002  7.5301248e+001  1.9260000e+003
  8.2998700e+002  7.5291460e+001  1.9470000e+003
  8.2351500e+002  7.5285471e+001  1.9800000e+003
  8.1556600e+002  7.5263809e+001  2.0520000e+003
  8.1399500e+002  7.5213573e+001  2.1300000e+003
  8.0675400e+002  7.5135806e+001  2.2080000e+003
  7.9377400e+002  7.5047874e+001  2.2820000e+003
  7.8799400e+002  7.4983387e+001  2.2990000e+003
  7.9146100e+002  7.4986886e+001  2.3120000e+003
  8.0044000e+002  7.5101204e+001  2.2600000e+003
